Top Genes by Loading Magnitude:
HBB: 626416.0640473745
HBA2: 459616.0464627425
HBA1: 459480.7614295073
RPPH1: 97908.92511298653
RMRP: 84751.34462506353
ACTB: 80243.36641169095
HSP90AB2P: 78606.79794470218
MALAT1: 38674.270140385255
FCGR3B: 34932.50382330701
ACTG1: 33428.83200008627
UBB: 33392.52417205296
FTL: 28865.570307192684
IFITM2: 26794.47649954054
B2M: 26786.735448341034
CSF3R: 25606.75183367359
TMSB4X: 24136.418114914766
HLA-E: 23838.81120708912
FTH1: 22985.26051816327
PABPC1: 22155.85187159403
LYZ: 22062.197033718112
