Top Genes by Loading Magnitude:
RPPH1: 143083.82483316766
RMRP: 125791.09734557757
ACTB: 107231.8057439348
MALAT1: 55897.76170811017
FCGR3B: 51359.74918566741
ACTG1: 45897.8250941816
FTL: 41598.77460961943
IFITM2: 39910.25157961352
B2M: 38684.72567877164
UBB: 38011.729681777404
CSF3R: 35762.89133714003
HLA-E: 33300.794654926984
TMSB4X: 33030.079740320005
FTH1: 31493.350596324275
LYZ: 31476.933082184
PABPC1: 30907.279582618583
EEF1A1: 29742.586999611834
NAMPT: 25132.873848166353
ALAS2: 24915.253536334432
FCGR3A: 24369.983766537553
