Top Genes by Loading Magnitude:
RPPH1: 126910.94507393084
RMRP: 115254.8025669219
ACTB: 103617.74309172636
MALAT1: 55637.29204413386
FCGR3B: 49172.86393746268
ACTG1: 43109.34129490463
UBB: 36745.194222933314
IFITM2: 35690.948958009714
FTL: 35225.254382401006
B2M: 34506.53900736846
CSF3R: 34067.01359616498
HLA-E: 31248.77577538951
TMSB4X: 30515.004795116172
PABPC1: 28818.082478051412
FTH1: 28606.104408574934
EEF1A1: 27942.19372471481
LYZ: 27676.605302212276
NAMPT: 25827.81361357769
ALAS2: 24956.751150839045
PSAP: 22267.4704921177
