Top Genes by Loading Magnitude:
HBB: 559262.4879710863
HBA1: 457929.039071893
HBA2: 457912.7070004909
RPPH1: 102678.16999769512
RMRP: 90697.00134404533
ACTB: 90205.2073692892
HSP90AB2P: 76209.65875646214
MALAT1: 41374.38455441091
FCGR3B: 40728.909169963124
ACTG1: 36729.74760369216
UBB: 34043.22084219458
IFITM2: 30935.147802711363
CSF3R: 30003.87463032205
FTL: 29716.63114639047
B2M: 28170.21611264586
HLA-E: 27292.42095542867
TMSB4X: 25702.241094919293
ALAS2: 24021.998989667318
FTH1: 23717.610727167175
PABPC1: 23650.668143676958
