Top Genes by Loading Magnitude:
RPPH1: 116865.75415725175
RMRP: 106890.45525982876
ACTB: 95810.249095532
MALAT1: 50721.00647409046
FCGR3B: 41455.85677670647
ACTG1: 41171.57957199837
UBB: 33269.400366675814
FTL: 33012.16693304349
B2M: 32625.679470651485
IFITM2: 31626.49093134303
CSF3R: 30517.17795437016
HLA-E: 29452.692839154646
TMSB4X: 28922.80823427179
PABPC1: 27571.00564472088
EEF1A1: 26568.31021941174
LYZ: 26038.91339356026
FTH1: 25752.675512431488
ALAS2: 24734.20533260705
EEF2: 21357.42377845092
PSAP: 20272.617704794895
