Top Genes by Loading Magnitude:
RPPH1: 104616.17707234898
RMRP: 98335.30109909394
ACTB: 81586.03273323583
MALAT1: 38150.79997551862
FCGR3B: 35420.79507834549
ACTG1: 34755.07222268636
UBB: 30746.222137946876
FTL: 30423.82877835807
IFITM2: 28771.004612485613
B2M: 28655.493806446233
TMSB4X: 25789.57397715735
CSF3R: 25727.60304497324
HLA-E: 24637.730451095456
EEF1A1: 24169.152773291105
FTH1: 23602.878539120367
LYZ: 23081.16791092875
PABPC1: 23038.00688360189
ALAS2: 21188.365606708387
NAMPT: 18279.712634741445
SLC25A39: 17997.97663701704
