Top Genes by Loading Magnitude:
RPPH1: 133069.0579085841
RMRP: 120792.22218119801
ACTB: 106314.30329430134
MALAT1: 55322.40343721812
FCGR3B: 52267.971758545376
ACTG1: 43703.3240769521
FTL: 39044.48713002365
B2M: 37869.16723167759
IFITM2: 37418.321142209905
UBB: 36113.967830306254
CSF3R: 33917.07170191804
HLA-E: 31834.770973639996
TMSB4X: 31252.362236320692
FTH1: 29925.80396560413
PABPC1: 29621.554106767828
LYZ: 28235.125905312343
EEF1A1: 27573.86300674299
ALAS2: 25755.704945668444
NAMPT: 24000.478927866217
PSAP: 22183.94553412549
