Top Genes by Loading Magnitude:
RPPH1: 118335.59084008052
RMRP: 109769.29484652446
ACTB: 96685.82455355035
MALAT1: 53158.45415994355
FCGR3B: 41262.36217959295
ACTG1: 40963.73788856406
IFITM2: 34102.39065651938
FTL: 33299.18254836466
UBB: 32886.19841565223
CSF3R: 31495.72612677928
B2M: 31305.8053923992
HLA-E: 29388.869440920167
TMSB4X: 29349.168867054592
PABPC1: 27330.310508456125
FTH1: 26455.523104332366
LYZ: 26111.61098567407
EEF1A1: 26038.140300289757
ALAS2: 24958.986420237914
NAMPT: 22718.508216528906
PSAP: 20698.859872496487
