Top Genes by Loading Magnitude:
RPPH1: 107078.726243017
RMRP: 94361.4966547252
ACTB: 86580.18184105343
MALAT1: 39680.56374988449
FCGR3B: 37027.12315196357
ACTG1: 36627.69189466337
UBB: 33702.85237819581
FTL: 31964.860888498974
B2M: 30211.2449521337
IFITM2: 28765.44105900697
CSF3R: 27167.45981408307
TMSB4X: 26693.269742222303
HLA-E: 26247.38428656641
FTH1: 24833.104263887377
PABPC1: 24187.970052897825
LYZ: 23690.03324778161
EEF1A1: 23553.05451313492
ALAS2: 19878.959117654158
SLC25A39: 18921.354096091534
NAMPT: 18865.862470486965
