Top Genes by Loading Magnitude:
RPPH1: 103899.107662283
RMRP: 100047.81317751302
ACTB: 85766.91921534554
MALAT1: 41055.76727269467
FCGR3B: 37001.303252829435
ACTG1: 36422.11323637561
UBB: 31114.360653931057
FTL: 30997.879141338515
IFITM2: 30480.297969042556
B2M: 27868.31763839723
CSF3R: 27019.021118540513
TMSB4X: 26272.106943235565
HLA-E: 26008.95631607508
FTH1: 24113.959829797364
PABPC1: 23994.417136445405
LYZ: 23175.7756394833
EEF1A1: 22968.12886338232
ALAS2: 21820.907993590652
NAMPT: 20224.315879249076
PSAP: 17663.619861574392
