Top Genes by Loading Magnitude:
HBB: 756775.1255803031
HBA1: 612435.5484921765
HBA2: 611906.1858627335
RPPH1: 120400.21084262006
RMRP: 109519.28148675177
ACTB: 103185.221724015
HSP90AB2P: 76798.7125283597
FCGR3B: 49768.6679094011
MALAT1: 49205.10271362963
ACTG1: 42459.23364808779
IFITM2: 35855.39135520175
FTL: 34386.63971878216
B2M: 34126.4029047613
UBB: 33796.98151428117
CSF3R: 33374.8271639739
HLA-E: 30862.929444311125
TMSB4X: 30190.929432721732
PABPC1: 28230.432690057733
FTH1: 27987.746803413393
LYZ: 27086.695568823732
