Top Genes by Loading Magnitude:
HBB: 730711.773807841
HBA1: 608024.199284594
HBA2: 607506.2200469855
RPPH1: 113409.51038057554
RMRP: 105566.06084552367
ACTB: 98191.40448034223
HSP90AB2P: 79735.5783637474
MALAT1: 49477.89648680092
FCGR3B: 43829.29708189445
ACTG1: 41167.76729066242
UBB: 34911.510714641234
FTL: 33086.20505637228
CSF3R: 32436.822585951377
IFITM2: 32341.778179586363
B2M: 30627.362150340472
HLA-E: 29921.124078508095
TMSB4X: 29137.08788068538
PABPC1: 27164.97292149056
LYZ: 26225.231966795855
FTH1: 25860.689102976703
