Top Genes by Loading Magnitude:
RPPH1: 113105.90097678936
RMRP: 112945.56836812523
ACTB: 99277.11096577167
MALAT1: 48442.398629211406
FCGR3B: 41828.416054136505
ACTG1: 40562.45200153781
UBB: 34401.25320792848
IFITM2: 33824.43098257757
FTL: 33188.12324349941
CSF3R: 30421.83666873644
B2M: 30368.51297441755
TMSB4X: 28972.75535016909
HLA-E: 28802.611667249792
PABPC1: 27068.112404353207
LYZ: 25936.516141221447
FTH1: 25747.644538573724
EEF1A1: 25700.989063210556
ALAS2: 24747.923989986175
NAMPT: 21743.72974526417
EEF2: 20433.798465223525
