Top Genes by Loading Magnitude:
HBB: 732351.0962131139
HBA2: 614887.1927168425
HBA1: 613517.7337393864
RPPH1: 115431.44493048782
RMRP: 109820.53517064905
ACTB: 98423.65649091789
HSP90AB2P: 89090.022134147
MALAT1: 48615.06906633057
FCGR3B: 42662.894896700855
ACTG1: 42423.31793973854
UBB: 33316.64428835652
FTL: 33267.58114383855
IFITM2: 33184.11376634545
B2M: 32770.340109907265
CSF3R: 31513.942683724665
HLA-E: 30433.06797891679
TMSB4X: 29947.137609563728
PABPC1: 28397.552412355388
LYZ: 27561.608672374838
EEF1A1: 27220.522996223826
