Top Genes by Loading Magnitude:
HBB: 552639.5315154617
HBA1: 441591.49852826213
HBA2: 441517.93864092324
RPPH1: 96974.34090453951
RMRP: 84899.56445202211
ACTB: 78940.07306125507
HSP90AB2P: 76967.36683672782
MALAT1: 38861.58200165884
FCGR3B: 34477.498296290214
ACTG1: 33608.01135345867
UBB: 29211.901287234632
FTL: 28268.882129681566
B2M: 26865.565741442115
IFITM2: 26253.265110482873
CSF3R: 25335.089979438864
TMSB4X: 23964.537817663502
HLA-E: 23947.883900553104
FTH1: 22481.47193701595
EEF1A1: 22263.444697776165
PABPC1: 22147.87163036434
